19 0.549390625 0.582703125 0.49734375000000003 0.588484375 0.506984375 0.6829531249999999 0.549390625 0.684875 0.678546875 0.688734375 0.678546875 0.6578906250000001 0.676609375 0.601984375 0.66696875 0.582703125 0.6149218750000001 0.58078125 0.549390625 0.582703125
19 0.47355468749999996 0.7727968749999999 0.47015 0.7738343750000001 0.470084375 0.7818765625 0.47682812500000005 0.781296875 0.47943749999999996 0.78259375 0.4771546875 0.7893375 0.47001875000000004 0.78991875 0.46995312499999997 0.7979609375 0.47748125 0.797378125 0.47982812499999994 0.7992 0.47780781250000004 0.80541875 0.4698875 0.8060031249999999 0.469625 0.8381718749999999 0.4731145828125 0.846015625 0.47944062499999995 0.845621875 0.481 0.8490187499999999 0.4766041671875 0.8538593750000001 0.47976718749999997 0.8536625000000001 0.48119531249999997 0.857321875 0.48009375 0.861703125 0.48139062499999996 0.865625 0.634375 0.8610468750000001 0.6356875 0.779984375 0.61084375 0.7505625 0.46896875 0.7557968749999999 0.47028125000000004 0.7577499999999999 0.47021562499999997 0.7657921875 0.47355468749999996 0.7727968749999999
19 0.399125 0.691359375 0.439609375 0.6778593749999999 0.46467187499999996 0.6778593749999999 0.49935937499999994 0.67015625 0.501296875 0.666296875 0.495515625 0.64509375 0.493578125 0.618109375 0.493578125 0.598828125 0.4839375 0.587265625 0.44925 0.5814843749999999 0.43574999999999997 0.579546875 0.41262499999999996 0.579546875 0.37984375 0.585328125 0.341296875 0.587265625 0.335515625 0.60653125 0.333578125 0.635453125 0.333578125 0.664359375 0.3374375 0.674 0.354796875 0.691359375 0.38178125 0.691359375 0.399125 0.691359375
19 0.32601562500000003 0.435515625 0.31639062500000004 0.42589062499999997 0.13590625 0.427703125 0.13470312499999998 0.519734375 0.32240625 0.5173281249999999 0.32601562500000003 0.435515625
19 0.506984375 0.515234375 0.67275 0.511390625 0.663125 0.411140625 0.49540625 0.41500000000000004 0.506984375 0.515234375
19 0.326640625 0.42348437499999997 0.3305625 0.520234375 0.501203125 0.5163125 0.49989062500000003 0.42151562499999995 0.326640625 0.42348437499999997
19 0.34304687500000003 0.278140625 0.34762499999999996 0.36901562499999996 0.524796875 0.3618125 0.520875 0.27225 0.34304687500000003 0.278140625
19 0.336921875 0.274328125 0.30143749999999997 0.274921875 0.173296875 0.27732812500000004 0.16728125 0.27853125 0.16607812500000002 0.282140625 0.16728125 0.28575 0.167875 0.3675625 0.34475 0.36515624999999996 0.34053125 0.276125 0.336921875 0.274328125
19 0.33565625 0.59296875 0.334953125 0.58871875 0.329984375 0.587296875 0.17509375 0.588 0.17225 0.59296875 0.17225 0.597953125 0.170828125 0.688890625 0.33068749999999997 0.6881875 0.33565625 0.68534375 0.33565625 0.59296875
19 0.31884375 0.8611875 0.317296875 0.778578125 0.32425000000000004 0.756953125 0.317296875 0.7546406250000001 0.179859375 0.7608125 0.172140625 0.7585 0.156703125 0.77934375 0.154390625 0.7847500000000001 0.156703125 0.8611875 0.15746875 0.868140625 0.162875 0.86890625 0.31653125000000004 0.865046875 0.31884375 0.8611875
19 0.46809375 0.863671875 0.469640625 0.8598125 0.469640625 0.786453125 0.469640625 0.7771874999999999 0.459609375 0.7532656249999999 0.45651562500000004 0.75171875 0.32603125 0.757125 0.322171875 0.7609843749999999 0.319078125 0.7795156249999999 0.319859375 0.86675 0.322171875 0.8682968750000001 0.33220312500000004 0.869078125 0.46809375 0.863671875
19 0.9833125 0.4015625 0.8939375 0.399765625 0.84115625 0.39915625 0.8345625 0.40456250000000005 0.8375625 0.505328125 0.9995156250000001 0.5017343750000001 1 0.39015625 0.987515625 0.390765625 0.9833125 0.4015625
19 0.321875 0.090625 0.3046875 0.1046875 0.259375 0.1046875 0.2546875 0.1078125 0.240625 0.1078125 0.234375 0.1125 0.19375 0.1125 0.1890625 0.115625 0.178125 0.1140625 0.159375 0.09375 0.146875 0.0859375 0.128125 0.0796875 0.09375 0.0796875 0.059375 0.084375 0.0484375 0.084375 0.0328125 0.0796875 0.0015625 0.0796875 0.004125 0.09025 0.0015625 0.09140625 0.006687500000000001 0.09768750000000001 0.0015625 0.1 0.003125 0.2359375 0.053125 0.2359375 0.065625 0.26875 0.04375 0.28125 0.025 0.28125 0.0109375 0.2921875 0.0015625 0.2953125 0.003655134375 0.44375 0.0015625 0.45634765625 0.0037109375 0.459375 0.0015625 0.4642578125 0.0037388390625 0.4671875 0.0015625 0.47216796875 0.003766740625 0.475 0.0015625 0.480078125 0.0037946421875 0.4828125 0.0015625 0.48798828125 0.0038225453125000004 0.490625 0.0015625 0.4958984375 0.003850446875 0.4984375 0.0015625 0.50380859375 0.0038783484375000004 0.50625 0.0015625 0.51171875 0.00390625 0.5140625 0.0015625 0.51962890625 0.0039341515625 0.521875 0.0015625 0.5275390625 0.003962053125 0.5296875 0.0015625 0.53544921875 0.0039899546875 0.5375 0.0015625 0.543359375 0.0040178578125 0.5453125 0.0015625 0.55126953125 0.004045759375 0.553125 0.0015625 0.5591796875 0.0040736609375 0.5609375 0.0015625 0.56708984375 0.0041015625 0.56875 0.0015625 0.575 0.004129464062499999 0.5765625 0.0046875 0.73125 0.0015625 0.73125 0.0015625 0.86875 0.034375 0.8671875 0.040625 0.871875 0.0609375 0.8765625 0.0828125 0.875 0.1 0.890625 0.125 0.9 0.1921875 0.903125 0.215625 0.896875 0.23125 0.8890625 0.2515625 0.8703125 0.2515625 0.8671875 0.16875 0.8703125 0.1578125 0.86875 0.1546875 0.784375 0.171875 0.759375 0.2109375 0.7609375 0.2359375 0.7578125 0.6109375 0.7515625 0.634375 0.7796875 0.634375 0.85421875 0.6328125 0.8625 0.628125 0.8640625 0.6390625 0.8671875 0.6546875 0.8671875 0.671875 0.8734375 0.703125 0.8734375 0.7171875 0.8703125 0.740625 0.8796875 0.771875 0.8796875 0.8609375 0.846875 0.9703125 0.846875 0.9953125 0.8390625 0.9984375 0.8359375 0.8375 0.5578125 0.8625 0.55625 0.8859375 0.546875 0.91875 0.546875 0.9296875 0.540625 0.9453125 0.5359375 0.9984375 0.534375 0.9828125 0.4015625 0.9875 0.3921875 0.9984375 0.390625 0.9921875 0.390625 0.99266304375 0.384918478125 0.865625 0.259375 0.865625 0.2515625 0.9984375 0.190625 0.9890625 0.1828125 0.984375 0.1546875 0.971875 0.13125 0.95625 0.115625 0.93125 0.103125 0.896875 0.1015625 0.88125 0.0953125 0.8421875 0.096875 0.8390625 0.09375 0.8203125 0.0875 0.7875 0.0875 0.771875 0.08125 0.703125 0.0796875 0.68125 0.0859375 0.66875 0.08125 0.65 0.08125 0.646875 0.078125 0.628125 0.071875 0.3640625 0.071875 0.34375 0.0828125 0.321875 0.090625