4 0.334290054940877 0.43990384615384615 0.017036700594145006 0.036057692307692304
4 0.16838970740595538 0.4338942307692308 0.03640732150306224 0.06009615384615385
4 0.2814194247240764 0.4423076923076923 0.016994745090700647 0.028846153846153848
4 0.22012134780099948 0.4423076923076923 0.024388090733831466 0.06009615384615385
4 0.4473477425946276 0.453125 0.03397550501358637 0.055288461538461536
4 0.6120951151399778 0.4675480769230769 0.026722011048603687 0.04807692307692308
4 0.7467384700909923 0.4723557692307692 0.026722011048603413 0.04807692307692308
4 0.939109095653851 0.4831730769230769 0.0412569693141989 0.0673076923076923
4 0.6758459863042527 0.47596153846153844 0.029125857202449843 0.04807692307692308
4 0.8706344431887726 0.4891826923076923 0.0363373956639883 0.04807692307692308
2 0.5384615384615384 0.5733173076923077 0.9182692307692307 0.8533653846153846