4 0.6964595501320396 0.38926543183796813 0.019137604991907316 0.037332760294063405
4 0.8619398210949268 0.37068728915912413 0.03990882883266632 0.0628284423883775
4 0.749498210977654 0.3876619214632197 0.01867546860891058 0.030121221832524945
4 0.8107962879007308 0.3830170309414396 0.027889598063435547 0.0619176795409697
4 0.5843260309367646 0.4110477564497561 0.037196891756822156 0.0578385975112036
4 0.42058684216429687 0.4379482843823209 0.029523216912286817 0.05008060134122038
4 0.2862795484709102 0.45295652058098146 0.029523216912286817 0.05008060134122051
4 0.09466506073771315 0.4783460338318152 0.04517865752335536 0.07040428598887913
4 0.35742407820087013 0.45118878901204423 0.03192706306613297 0.050262753910701966
4 0.1635597897748259 0.47916430098620566 0.03913860152767143 0.05080921161914672
2 0.49820128125621294 0.5371420912749222 0.9776090162705534 0.9209081251424635