4 0.3164210876655144 0.439351710812295 0.019902117881854517 0.03991875901739114
4 0.15144293144685667 0.4698580079756291 0.04195632617339822 0.06559659368118667
4 0.2645705581950508 0.4528833756715335 0.0173723938559299 0.0325250679863711
4 0.20312562375454896 0.4659417277317752 0.0298951361134746 0.062281984679932734
4 0.43064573926389965 0.42829561760807405 0.03706471528432031 0.060424596234531336
4 0.595456058319786 0.4074047050601246 0.02972729895070331 0.05266660006454812
4 0.7303231986793276 0.38278108424607943 0.02972729895070331 0.05266660006454812
4 0.9217226829449466 0.3514730318953711 0.04688989635316897 0.0731724372816883
4 0.6603808841189787 0.40128466260719897 0.032131145104549466 0.0528487526340297
4 0.8541422552477509 0.3721983038408552 0.03934268356608793 0.053395210342474325
2 0.5203764604183795 0.5139218968908511 0.9505791321118083 0.9578765802975636